0.1008	0.000000	0.000000	0.000000	0.000000	0.300909	0.075595	0.037804	0.460375	0.230228	0.001429	0.000357	-88.981184	-44.498545	0.3013100624	0.1008
0.200842	0.000000	0.000000	0.000000	0.000000	0.400985	0.100704	0.050368	0.613287	0.306741	0.003171	0.000793	-118.536076	-59.286854	0.4013869762	0.200842
0.300909	0.000000	0.000000	0.000000	0.000000	0.501058	0.125784	0.062923	0.766025	0.383202	0.005280	0.001321	-148.057324	-74.065364	0.5014681816	0.300909
0.400985	0.000000	0.000000	0.000000	0.000000	0.600636	0.150706	0.075407	0.907111	0.459226	0.007770	0.001945	-175.326436	-88.759122	0.6011171341	0.400985
0.501058	0.002400	0.002400	-0.907100	-0.907100	0.700696	0.175706	0.087938	0.907111	0.396608	0.010553	0.002616	-182.655804	-83.985832	0.7012250423	0.501058
0.600636	0.008700	0.008700	-0.907100	-0.907100	0.800786	0.200666	0.100460	0.842731	0.232478	0.013475	0.003261	-173.840849	-55.891181	0.8012690544	0.600636
0.700696	0.019000	0.019000	-0.907100	-0.907100	0.900829	0.225558	0.112960	0.724398	0.038676	0.016394	0.003818	-150.969480	-18.433029	0.9012811184	0.700696
0.800786	0.033300	0.033300	-0.907100	-0.907100	1.000915	0.250399	0.125447	0.581391	-0.179563	0.019189	0.004243	-123.328966	23.748140	1.001321077	0.800786
0.900829	0.051600	0.051600	-0.907100	-0.907100	1.100980	0.275165	0.137912	0.413570	-0.422298	0.021755	0.004510	-90.892552	70.664042	1.101356983	0.900829
1.000915	0.073800	0.073800	-0.907100	-0.907100	1.200557	0.299735	0.150295	0.225983	-0.684107	0.024008	0.004613	-54.635724	121.266383	1.201048136	1.000915
1.10098	0.100000	0.099000	-0.907100	-0.907100	1.300616	0.324341	0.162714	0.009077	-0.907111	0.025888	0.004573	-12.712189	164.368668	1.301156998	1.10098
1.200557	0.130200	0.123300	-0.907100	0.707700	1.400698	0.348863	0.175109	-0.232700	-0.907111	0.027350	0.004448	34.018480	177.416252	1.401144028	1.200557
1.300616	0.164300	0.143900	-0.907100	0.907100	1.500760	0.373285	0.187475	-0.493664	-0.801707	0.028370	0.004288	84.457634	165.114178	1.50121212	1.300616
1.400698	0.202400	0.160400	-0.907100	0.907100	1.600859	0.397612	0.199816	-0.784741	-0.614658	0.028943	0.004127	140.716992	129.758858	1.601349115	1.400698
1.50076	0.242700	0.173100	-0.907100	0.907100	1.700917	0.421819	0.212120	-0.907111	-0.420230	0.029117	0.003983	164.368668	92.179800	1.701359987	1.50076
1.600859	0.281700	0.181700	0.907100	0.907100	1.800978	0.445911	0.224391	-0.907111	-0.185495	0.029004	0.003869	179.027404	46.810189	1.801362038	1.600859
1.700917	0.316700	0.186400	0.907100	0.907100	1.900538	0.469760	0.236565	-0.880865	0.062043	0.028725	0.003801	181.211266	-1.033886	1.901012182	1.700917
1.800978	0.347700	0.187100	0.907100	0.907100	2.000620	0.493605	0.248765	-0.717238	0.339282	0.028371	0.003801	149.585490	-54.618672	2.002016068	1.800978
1.900538	0.374800	0.183800	0.907100	0.907100	2.100679	0.517309	0.260924	-0.535902	0.640625	0.028005	0.003899	114.536828	-112.862141	2.101158142	1.900538
2.00062	0.397900	0.176600	0.907100	0.907100	2.200662	0.540852	0.273032	-0.326001	0.907111	0.027675	0.004134	73.967307	-164.368668	2.201157093	2.00062
2.100679	0.417100	0.168800	0.907100	0.837100	2.300845	0.564294	0.285121	-0.098151	0.907111	0.027425	0.004525	29.928363	-164.934268	2.301303148	2.100679
2.200662	0.432200	0.163300	0.907100	-0.907100	2.400927	0.587556	0.297153	0.163939	0.907111	0.027293	0.005061	-20.728302	-179.307404	2.401322126	2.200662
2.300845	0.443400	0.161700	0.907100	-0.907100	2.500989	0.610652	0.309135	0.438407	0.907111	0.027320	0.005702	-73.777590	-186.284204	2.501387119	2.300845
2.400927	0.450600	0.164100	0.907100	-0.907100	2.600561	0.633469	0.321010	0.740713	0.831264	0.027546	0.006403	-132.207329	-171.624532	2.601004124	2.400927
2.500989	0.453900	0.170500	0.907100	-0.907100	2.701133	0.656340	0.332954	0.907111	0.657824	0.028026	0.007117	-164.368668	-138.101925	2.701526165	2.500989
2.600561	0.457600	0.180900	-0.502300	-0.907100	2.801233	0.678923	0.344788	0.907111	0.459360	0.028749	0.007798	-175.756620	-99.742909	2.801635981	2.600561
2.701133	0.464900	0.195200	-0.907100	-0.907100	2.900770	0.701195	0.356502	0.907111	0.241591	0.029652	0.008405	-184.665004	-57.652452	2.901278019	2.701133
2.801233	0.476200	0.213500	-0.907100	-0.907100	3.000861	0.723398	0.368225	0.907111	-0.005664	0.030666	0.008906	-186.284204	-9.863084	3.001371145	2.801233
2.90077	0.491500	0.235800	-0.907100	-0.907100	3.100911	0.745395	0.379885	0.753679	-0.277662	0.031723	0.009277	-156.628846	42.708797	3.10129714	2.90077
3.000861	0.510700	0.262000	-0.907100	-0.907100	3.200985	0.767192	0.391488	0.567479	-0.568581	0.032755	0.009504	-120.640120	98.937517	3.201353073	3.000861
3.100911	0.533900	0.292200	-0.907100	-0.907100	3.301047	0.788778	0.403027	0.350446	-0.889424	0.033702	0.009585	-78.692004	160.950184	3.301457167	3.100911
3.200985	0.561000	0.324300	-0.907100	-0.907100	3.401124	0.810151	0.414504	0.113549	-0.907111	0.034513	0.009544	-32.904543	164.368668	3.401584148	3.200985
3.301047	0.592200	0.354600	-0.907100	0.907100	3.500693	0.831196	0.425858	-0.160674	-0.907111	0.035141	0.009420	20.097353	179.027404	3.501156092	3.301047
3.401124	0.627300	0.381100	-0.907100	0.907100	3.600772	0.852123	0.437203	-0.449010	-0.907111	0.035557	0.009250	75.826842	186.284204	3.601298094	3.401124
3.500693	0.666300	0.403500	-0.907100	0.907100	3.700832	0.872813	0.448477	-0.762535	-0.886412	0.035744	0.009060	136.424950	182.283482	3.7013731	3.500693
3.600772	0.709300	0.422000	-0.907100	0.907100	3.800905	0.893269	0.459681	-0.907111	-0.728824	0.035695	0.008864	164.368668	151.824786	3.801347971	3.600772
3.700832	0.751900	0.436500	0.459400	0.907100	3.900969	0.913479	0.470811	-0.907111	-0.542144	0.035455	0.008672	175.409988	115.743317	3.90141201	3.700832
3.800905	0.791000	0.447100	0.907100	0.907100	4.000545	0.933345	0.481814	-0.907111	-0.337674	0.035085	0.008490	184.493404	76.223326	4.001018047	3.800905
3.900969	0.826100	0.453700	0.907100	0.907100	4.100609	0.953055	0.492794	-0.907111	-0.103798	0.034633	0.008324	186.284204	31.019825	4.101204157	3.900969
4.000545	0.857200	0.456300	0.907100	0.907100	4.200686	0.972510	0.503698	-0.907111	0.153972	0.034137	0.008183	186.284204	-18.801906	4.201282978	4.000545
4.100609	0.884300	0.454900	0.907100	0.907100	4.300749	0.991698	0.514520	-0.749728	0.435607	0.033623	0.008078	155.865116	-73.236416	4.301228046	4.100609
4.200686	0.907500	0.449600	0.907100	0.907100	4.400819	1.010619	0.525262	-0.573766	0.735323	0.033112	0.008025	121.855338	-131.165442	4.401258945	4.200686
4.300749	0.926700	0.440300	0.907100	0.907100	4.500901	1.029269	0.535922	-0.369916	0.907111	0.032621	0.008050	82.455089	-164.368668	4.50131011	4.300749
4.400819	0.942000	0.431400	0.907100	-0.371300	4.600965	1.047638	0.546496	-0.149207	0.907111	0.032165	0.008160	39.796523	-174.698140	4.60138917	4.400819
4.500901	0.953200	0.425900	0.907100	-0.907100	4.700540	1.065636	0.556932	0.104576	0.907111	0.031758	0.008348	-9.254632	-184.141004	4.701038122	4.500901
4.600965	0.960500	0.424400	0.907100	-0.907100	4.800609	1.083437	0.567332	0.370549	0.907111	0.031418	0.008595	-60.662006	-186.284204	4.801167965	4.600965
4.70054	0.963900	0.426900	0.907100	-0.907100	4.900681	1.100948	0.577643	0.658502	0.788522	0.031165	0.008877	-116.317416	-163.363341	4.901184082	4.70054
4.800609	0.963200	0.433300	0.907100	-0.907100	5.000751	1.118162	0.587862	0.907111	0.609760	0.031025	0.009171	-164.368668	-128.812210	5.001214027	4.800609
4.900681	0.962500	0.443700	0.278000	-0.907100	5.100821	1.135076	0.597988	0.907111	0.400892	0.031001	0.009453	-169.451796	-88.442167	5.101313114	4.900681
5.000751	0.964500	0.458100	-0.907100	-0.907100	5.200891	1.151686	0.608019	0.907111	0.167088	0.031078	0.009699	-181.543804	-43.252518	5.201352119	5.000751
5.100821	0.970500	0.476500	-0.907100	-0.907100	5.300964	1.167988	0.617955	0.891903	-0.091660	0.031224	0.009890	-183.344790	6.758245	5.301344156	5.100821
5.200891	0.980500	0.498800	-0.907100	-0.907100	5.400545	1.183900	0.627745	0.720708	-0.369867	0.031409	0.010012	-150.256157	60.530099	5.401051044	5.200891
5.300964	0.994500	0.525000	-0.907100	-0.907100	5.500626	1.199577	0.637485	0.523719	-0.672129	0.031599	0.010059	-112.182196	118.951273	5.501139164	5.300964
5.400545	1.012400	0.555300	-0.907100	-0.907100	5.600668	1.214928	0.647120	0.306176	-0.907111	0.031764	0.010031	-70.135497	164.368668	5.601231098	5.400545
5.500626	1.034300	0.585800	-0.907100	-0.447800	5.700768	1.229965	0.656659	0.057178	-0.907111	0.031877	0.009944	-22.009201	168.079812	5.701317072	5.500626
5.600668	1.060200	0.613700	-0.907100	0.907100	5.800818	1.244667	0.666089	-0.218215	-0.907111	0.031913	0.009822	31.218785	180.864604	5.801388025	5.600668
5.700768	1.090000	0.637600	-0.907100	0.907100	5.900681	1.259013	0.675396	-0.514350	-0.907111	0.031857	0.009682	88.455825	186.284204	5.901250124	5.700768
5.800818	1.123800	0.657500	-0.907100	0.907100	6.000752	1.273056	0.684616	-0.841872	-0.865684	0.031700	0.009536	151.759196	178.277102	6.001321077	5.800818
5.900681	1.161000	0.673400	-0.907100	0.907100	6.100850	1.286766	0.693730	-0.907111	-0.699809	0.031444	0.009389	164.368668	146.216808	6.101408958	5.900681
6.000752	1.197100	0.685400	0.907100	0.907100	6.200905	1.300130	0.702731	-0.907111	-0.516055	0.031113	0.009244	179.027404	110.700852	6.201500177	6.000752
6.10085	1.229300	0.693400	0.907100	0.907100	6.300966	1.313153	0.711621	-0.907111	-0.303434	0.030737	0.009105	186.284204	69.605549	6.301409006	6.10085
6.200905	1.257500	0.697500	0.907100	0.907100	6.400547	1.325771	0.720357	-0.907111	-0.073183	0.030336	0.008973	186.284204	25.102513	6.40110898	6.200905
6.300966	1.281800	0.697600	0.907100	0.907100	6.500593	1.338101	0.729020	-0.907111	0.186166	0.029924	0.008852	186.284204	-25.024312	6.501101017	6.300966
6.400547	1.302000	0.693700	0.907100	0.907100	6.600688	1.350086	0.737571	-0.753517	0.469197	0.029512	0.008749	156.597490	-79.728712	6.601257086	6.400547
6.500593	1.318300	0.685800	0.907100	0.907100	6.700760	1.361715	0.746005	-0.579940	0.775867	0.029106	0.008673	123.048595	-139.001803	6.701194048	6.500593
6.600688	1.330700	0.674200	0.907100	0.907100	6.800877	1.372995	0.754324	-0.384746	0.907111	0.028710	0.008641	85.321413	-164.368668	6.801313162	6.600688
6.70076	1.339000	0.663300	0.907100	-0.794500	6.901006	1.383917	0.762524	-0.156393	0.907111	0.028329	0.008658	41.185461	-178.117596	6.901412964	6.70076
6.800877	1.343400	0.656300	0.907100	-0.907100	7.001042	1.394471	0.770597	0.083100	0.907111	0.027966	0.008720	-5.103711	-185.833804	7.001444101	6.800877
6.901006	1.343900	0.653200	0.907100	-0.907100	7.100623	1.404617	0.778511	0.343866	0.907111	0.027629	0.008817	-55.504674	-186.284204	7.101063013	6.901006
7.001042	1.340300	0.654100	0.907100	-0.907100	7.200673	1.414449	0.786341	0.638046	0.758726	0.027326	0.008936	-112.363822	-157.604292	7.201136112	7.001042
7.100623	1.332800	0.659000	0.907100	-0.907100	7.300797	1.423923	0.794051	0.907111	0.568642	0.027069	0.009061	-164.368668	-120.864951	7.301228046	7.100623
7.200673	1.325000	0.667900	0.560300	-0.907100	7.400866	1.433025	0.801632	0.907111	0.353408	0.026864	0.009179	-167.170812	-79.264501	7.401309967	7.200673
7.300797	1.319600	0.680700	-0.907100	-0.907100	7.500962	1.441761	0.809088	0.907111	0.118843	0.026707	0.009275	-180.414604	-33.927782	7.501348972	7.300797
7.400866	1.318300	0.697500	-0.907100	-0.907100	7.600559	1.450087	0.816380	0.869923	-0.146262	0.026585	0.009338	-179.096444	17.311731	7.601143122	7.400866
7.500962	1.320900	0.718200	-0.907100	-0.907100	7.700601	1.458081	0.823575	0.700750	-0.430524	0.026486	0.009361	-146.398704	72.253822	7.701265097	7.500962
7.600559	1.327500	0.742900	-0.907100	-0.907100	7.800666	1.465704	0.830643	0.499785	-0.745108	0.026392	0.009340	-107.556253	133.056730	7.80125308	7.600559
7.700601	1.338100	0.771600	-0.907100	-0.907100	7.900739	1.472956	0.837579	0.272195	-0.907111	0.026290	0.009277	-63.567607	164.368668	7.901324034	7.700601
7.800666	1.352600	0.800000	-0.907100	0.270000	8.000633	1.479823	0.844371	0.023686	-0.907111	0.026165	0.009187	-15.535892	173.879636	8.001255989	7.800666
7.900739	1.371100	0.825100	-0.907100	0.907100	8.100917	1.486341	0.851055	-0.256483	-0.907111	0.026008	0.009083	38.615173	183.735804	8.10129118	7.900739
8.000633	1.393600	0.846100	-0.907100	0.907100	8.200987	1.492470	0.857590	-0.563381	-0.907111	0.025812	0.008976	97.932461	186.284204	8.20143199	8.000633
8.100917	1.420000	0.863200	-0.907100	0.907100	8.300569	1.498197	0.863959	-0.891300	-0.881155	0.025578	0.008869	161.312706	181.267421	8.301094055	8.100917
8.200987	1.449000	0.876400	-0.907100	0.907100	8.401162	1.503605	0.870256	-0.907111	-0.721179	0.025312	0.008765	164.368668	150.347200	8.401571035	8.200987
8.300569	1.476600	0.885600	0.907100	0.907100	8.500697	1.508582	0.876349	-0.907111	-0.532899	0.025029	0.008664	179.027404	113.956548	8.501187086	8.300569
8.401162	1.500300	0.890800	0.907100	0.907100	8.600768	1.513211	0.882337	-0.907111	-0.320902	0.024744	0.008565	186.284204	72.981662	8.601205111	8.401162
8.500697	1.520000	0.892000	0.907100	0.907100	8.700903	1.517467	0.888189	-0.907111	-0.085371	0.024463	0.008468	186.284204	27.458353	8.701589108	8.500697
8.600768	1.535700	0.889300	0.907100	0.907100	8.800967	1.521344	0.893896	-0.900689	0.167849	0.024190	0.008373	185.042855	-21.484096	8.801376104	8.600768
8.700903	1.547400	0.882500	0.907100	0.907100	8.901028	1.524846	0.899462	-0.743414	0.455537	0.023927	0.008283	154.644735	-77.088399	8.901416063	8.700903
8.800967	1.555200	0.871900	0.907100	0.907100	9.000598	1.527959	0.904859	-0.569937	0.749801	0.023672	0.008204	121.115225	-133.963687	9.001106024	8.800967
8.901028	1.559000	0.857200	0.907100	0.907100	9.100668	1.530715	0.910141	-0.369099	0.907111	0.023424	0.008145	82.297136	-164.368668	9.101161957	8.901028
9.000598	1.558800	0.843100	0.907100	-0.553800	9.200748	1.533097	0.915279	-0.146173	0.907111	0.023179	0.008114	39.210091	-176.172740	9.201190948	9.000598
9.100668	1.554700	0.832600	0.907100	-0.907100	9.300823	1.535106	0.920272	0.093053	0.907111	0.022936	0.008109	-7.027524	-184.871004	9.301260948	9.100668
9.200748	1.546600	0.826100	0.907100	-0.907100	9.400879	1.536743	0.925119	0.359554	0.907111	0.022696	0.008127	-58.536742	-186.284204	9.401290178	9.200748
9.300823	1.534500	0.823500	0.907100	-0.907100	9.500965	1.538011	0.929821	0.648160	0.782176	0.022460	0.008160	-114.318501	-162.136678	9.50161314	9.300823
9.400879	1.518500	0.824900	0.907100	-0.907100	9.601031	1.538908	0.934375	0.907111	0.594183	0.022232	0.008200	-164.368668	-125.801544	9.601726055	9.400879
9.500965	1.502200	0.830300	0.429500	-0.907100	9.700595	1.539436	0.938760	0.907111	0.380799	0.022020	0.008236	-168.227676	-84.558627	9.701076031	9.500965
9.601031	1.488600	0.839600	-0.907100	-0.907100	9.800666	1.539600	0.943018	0.907111	0.148078	0.021823	0.008261	-180.937804	-39.578284	9.801195145	9.601031
9.700595	1.479000	0.853000	-0.907100	-0.907100	9.900770	1.539400	0.947129	0.865114	-0.120872	0.021642	0.008267	-178.166915	12.404418	9.901299	9.700595
9.800666	1.473300	0.870200	-0.907100	-0.907100	10.000856	1.538835	0.951090	0.694371	-0.398341	0.021470	0.008250	-145.165722	66.033653	10.00138807	9.800666
9.90077	1.471600	0.891500	-0.907100	-0.907100	10.100590	1.537913	0.954887	0.491909	-0.717316	0.021303	0.008208	-106.033850	127.685034	10.10135412	9.90077
10.000856	1.473800	0.916700	-0.907100	-0.907100	10.201034	1.536624	0.958559	0.268636	-0.907111	0.021134	0.008146	-62.879827	164.368668	10.20146012	10.000856
10.10059	1.480100	0.941900	-0.907100	-0.063800	10.300604	1.534990	0.962048	0.007938	-0.907111	0.020960	0.008071	-12.492050	171.182532	10.30115604	10.10059
10.201034	1.490300	0.964100	-0.907100	0.907100	10.400659	1.532993	0.965403	-0.268358	-0.907111	0.020778	0.007994	40.910551	182.400604	10.40117216	10.201034
10.300604	1.504400	0.982200	-0.907100	0.907100	10.500727	1.530643	0.968606	-0.570558	-0.907111	0.020588	0.007921	99.319699	186.284204	10.50126195	10.300604
10.400659	1.522600	0.996500	-0.907100	0.907100	10.600791	1.527943	0.971655	-0.907111	-0.892045	0.020396	0.007852	164.368668	183.372151	10.6013391	10.400659
10.500727	1.542900	1.006700	-0.907100	0.907100	10.700851	1.524894	0.974551	-0.907111	-0.724148	0.020210	0.007789	164.368668	150.921156	10.70129299	10.500727
10.600791	1.561700	1.013000	0.907100	0.907100	10.800945	1.521499	0.977293	-0.907111	-0.543794	0.020039	0.007730	179.027404	116.062241	10.80136704	10.600791
10.700851	1.576500	1.015300	0.907100	0.907100	10.901002	1.517762	0.979880	-0.907111	-0.334847	0.019889	0.007671	186.284204	75.676921	10.90139604	10.700851