0.10067	0.000000	0.000000	0.000000	0.000000	0.301871	0.075837	0.037925	0.461845	0.230964	0.001438	0.000360	-89.265352	-44.640705	0.302218914	0.10067
0.201758	0.000000	0.000000	0.000000	0.000000	0.400544	0.100593	0.050313	0.612613	0.306404	0.003174	0.000794	-118.405882	-59.221695	0.4008479118	0.201758
0.301871	0.000000	0.000000	0.000000	0.000000	0.500656	0.125683	0.062873	0.765412	0.382895	0.005278	0.001320	-147.938749	-74.005988	0.5010008812	0.301871
0.400544	0.000000	0.000000	0.000000	0.000000	0.600760	0.150737	0.075422	0.907111	0.459320	0.007770	0.001944	-175.326436	-88.777408	0.6010639668	0.400544
0.500656	0.002400	0.002400	-0.907100	-0.907100	0.700645	0.175693	0.087932	0.907111	0.396569	0.010552	0.002616	-182.655804	-83.978315	0.7009909153	0.500656
0.60076	0.008700	0.008700	-0.907100	-0.907100	0.800475	0.200588	0.100421	0.842259	0.232241	0.013471	0.003260	-173.749619	-55.845392	0.8007788658	0.60076
0.700645	0.019000	0.019000	-0.907100	-0.907100	0.901613	0.225753	0.113058	0.725585	0.039272	0.016399	0.003819	-151.198791	-18.548240	0.9019408226	0.700645
0.800475	0.033300	0.033300	-0.907100	-0.907100	1.001230	0.250477	0.125487	0.581866	-0.179324	0.019196	0.004244	-123.420852	23.701922	1.001612902	0.800475
0.901613	0.051600	0.051600	-0.907100	-0.907100	1.100468	0.275038	0.137849	0.412799	-0.422686	0.021756	0.004510	-90.743578	70.739069	1.100775003	0.901613
1.00123	0.073800	0.073800	-0.907100	-0.907100	1.200572	0.299738	0.150297	0.226005	-0.684095	0.024010	0.004613	-54.640080	121.264186	1.200894833	1.00123
1.100468	0.100000	0.099000	-0.907100	-0.907100	1.301124	0.324466	0.162777	0.009836	-0.907111	0.025894	0.004574	-12.858926	164.368668	1.301499844	1.100468
1.200572	0.130200	0.123300	-0.907100	0.704600	1.401243	0.348997	0.175177	-0.231888	-0.907111	0.027359	0.004449	33.861592	177.391204	1.401547909	1.200572
1.301124	0.164300	0.143900	-0.907100	0.907100	1.500854	0.373307	0.187487	-0.493525	-0.801637	0.028379	0.004290	84.430704	165.088130	1.501194	1.301124
1.401243	0.202400	0.160500	-0.907100	0.907100	1.600959	0.397636	0.199828	-0.784594	-0.620372	0.028952	0.004128	140.688546	130.863312	1.601307869	1.401243
1.500854	0.242700	0.173200	-0.907100	0.907100	1.700582	0.421738	0.212079	-0.907111	-0.421089	0.029124	0.003983	164.368668	92.345929	1.700909853	1.500854
1.600959	0.281700	0.181800	0.907100	0.907100	1.800476	0.445790	0.224329	-0.907111	-0.186478	0.029009	0.003868	179.027404	47.000273	1.801010847	1.600959
1.700582	0.316800	0.186500	0.907100	0.907100	1.901081	0.469890	0.236631	-0.885864	0.061838	0.028730	0.003801	182.177499	-0.994199	1.901390791	1.700582
1.800476	0.347800	0.187300	0.907100	0.907100	2.000726	0.493630	0.248778	-0.717694	0.332963	0.028375	0.003800	149.673594	-53.397232	2.001089811	1.800476
1.901081	0.374900	0.184000	0.907100	0.907100	2.100823	0.517343	0.260941	-0.536304	0.639513	0.028007	0.003896	114.614566	-112.647255	2.101113796	1.901081
2.000726	0.398100	0.176800	0.907100	0.907100	2.200926	0.540914	0.273064	-0.332022	0.907111	0.027676	0.004130	75.131053	-164.368668	2.201238871	2.000726
2.100823	0.417200	0.169000	0.907100	0.839800	2.301196	0.564375	0.285163	-0.093082	0.907111	0.027426	0.004520	28.948604	-164.912452	2.301466942	2.100823
2.200926	0.432400	0.163500	0.907100	-0.907100	2.400510	0.587459	0.297103	0.156952	0.907111	0.027290	0.005053	-19.377934	-179.296604	2.400761843	2.200926
2.301196	0.443600	0.162000	0.907100	-0.907100	2.501087	0.610675	0.309147	0.437327	0.907111	0.027314	0.005691	-73.568703	-186.284204	2.501390934	2.301196
2.40051	0.450900	0.164400	0.907100	-0.907100	2.601233	0.633623	0.321090	0.734641	0.829924	0.027539	0.006390	-131.033554	-171.365527	2.601509809	2.40051
2.501087	0.454200	0.170800	0.907100	-0.907100	2.700832	0.656272	0.332918	0.907111	0.655779	0.028014	0.007100	-164.368668	-137.706803	2.701112986	2.501087
2.601233	0.457900	0.181200	-0.410500	-0.907100	2.800870	0.678842	0.344746	0.907111	0.457272	0.028731	0.007778	-175.014876	-99.339370	2.801119804	2.601233
2.700832	0.465100	0.195600	-0.907100	-0.907100	2.901253	0.701302	0.356559	0.907111	0.234320	0.029633	0.008382	-184.297804	-56.247184	2.901522875	2.700832
2.80087	0.476200	0.213900	-0.907100	-0.907100	3.001313	0.723498	0.368278	0.907111	-0.007778	0.030650	0.008881	-186.284204	-9.454386	3.001598835	2.80087
2.901253	0.491300	0.236100	-0.907100	-0.907100	3.101115	0.745439	0.379909	0.765529	-0.274165	0.031711	0.009249	-158.919152	42.032837	3.10154295	2.901253
3.001313	0.510400	0.262400	-0.907100	-0.907100	3.200773	0.767147	0.391463	0.574206	-0.576346	0.032747	0.009474	-121.940350	100.438386	3.201061964	3.001313
3.101115	0.533400	0.292600	-0.907100	-0.907100	3.301155	0.788801	0.403039	0.363992	-0.891785	0.033703	0.009554	-81.310150	161.406426	3.301421881	3.101115
3.200773	0.560500	0.324600	-0.907100	-0.907100	3.400755	0.810073	0.414462	0.116117	-0.907111	0.034519	0.009512	-33.400776	164.368668	3.400990009	3.200773
3.301155	0.591500	0.355000	-0.907100	0.907100	3.500463	0.831148	0.425832	-0.146346	-0.907111	0.035156	0.009387	17.327957	179.027404	3.500785828	3.301155
3.400755	0.626400	0.381400	-0.907100	0.907100	3.601086	0.852188	0.437238	-0.432771	-0.907111	0.035583	0.009217	72.688295	186.284204	3.601382971	3.400755
3.500463	0.665300	0.403800	-0.907100	0.907100	3.701221	0.872893	0.448520	-0.750778	-0.887973	0.035781	0.009027	134.152579	182.585195	3.701587915	3.500463
3.601086	0.708200	0.422300	-0.907100	0.907100	3.801323	0.893354	0.459728	-0.907111	-0.730367	0.035743	0.008832	164.368668	152.123007	3.801617861	3.601086
3.701221	0.750800	0.436800	0.271100	0.907100	3.900448	0.913375	0.470754	-0.907111	-0.544323	0.035510	0.008640	173.888524	116.164453	3.90079689	3.701221
3.801323	0.790100	0.447300	0.907100	0.907100	4.000564	0.933349	0.481816	-0.907111	-0.333699	0.035144	0.008458	183.740204	75.455109	4.000913858	3.801323
3.900448	0.825400	0.453900	0.907100	0.907100	4.101393	0.953209	0.492880	-0.907111	-0.104494	0.034696	0.008293	186.284204	31.154346	4.101691008	3.900448
4.000564	0.856700	0.456500	0.907100	0.907100	4.201013	0.972573	0.503733	-0.907111	0.152970	0.034202	0.008152	186.284204	-18.608259	4.201265812	4.000564
4.101393	0.884000	0.455100	0.907100	0.907100	4.300627	0.991675	0.514507	-0.758402	0.434309	0.033688	0.008047	157.541736	-72.985518	4.300879955	4.101393
4.201013	0.907400	0.449800	0.907100	0.907100	4.400759	1.010608	0.525256	-0.583586	0.734066	0.033176	0.007995	123.753287	-130.922465	4.401026964	4.201013
4.300627	0.926800	0.440400	0.907100	0.907100	4.500874	1.029264	0.535920	-0.380915	0.907111	0.032683	0.008019	84.581094	-164.368668	4.501210928	4.300627
4.400759	0.942200	0.431500	0.907100	-0.358200	4.601013	1.047646	0.546501	-0.155552	0.907111	0.032224	0.008130	41.022853	-174.592292	4.601294994	4.400759
4.500874	0.953700	0.426000	0.907100	-0.907100	4.701116	1.065739	0.556992	0.086620	0.907111	0.031814	0.008318	-5.784058	-184.088604	4.701342821	4.500874
4.601013	0.961200	0.424400	0.907100	-0.907100	4.801201	1.083542	0.567393	0.356562	0.907111	0.031471	0.008566	-57.958565	-186.284204	4.801453829	4.601013
4.701116	0.964700	0.426900	0.907100	-0.907100	4.900580	1.100930	0.577632	0.648343	0.788459	0.031212	0.008849	-114.353920	-163.351135	4.900937796	4.701116
4.801201	0.964300	0.433200	0.907100	-0.907100	5.000735	1.118159	0.587860	0.907111	0.615539	0.031065	0.009144	-164.368668	-129.929168	5.001087904	4.801201
4.90058	0.963500	0.443600	0.514100	-0.907100	5.100776	1.135069	0.597983	0.907111	0.401473	0.031033	0.009427	-167.544108	-88.554533	5.10106492	4.90058
5.000735	0.965400	0.457900	-0.907100	-0.907100	5.200898	1.151687	0.608020	0.907111	0.173490	0.031102	0.009674	-180.599404	-44.489935	5.201275826	5.000735
5.100776	0.971200	0.476200	-0.907100	-0.907100	5.300970	1.167989	0.617955	0.898006	-0.084649	0.031244	0.009867	-184.524305	5.403267	5.301275969	5.100776
5.200898	0.980900	0.498500	-0.907100	-0.907100	5.400531	1.183898	0.627743	0.733798	-0.368048	0.031425	0.009991	-152.786234	60.178624	5.400785923	5.200898
5.30097	0.994700	0.524700	-0.907100	-0.907100	5.500604	1.199574	0.637482	0.532840	-0.670315	0.031613	0.010040	-113.945115	118.600677	5.500907898	5.30097
5.400531	1.012400	0.554900	-0.907100	-0.907100	5.600673	1.214929	0.647120	0.316541	-0.907111	0.031778	0.010013	-72.138772	164.368668	5.60096097	5.400531
5.500604	1.034100	0.585500	-0.907100	-0.540000	5.700743	1.229961	0.656656	0.068734	-0.907111	0.031892	0.009928	-24.242619	167.334836	5.700991869	5.500604
5.600673	1.059700	0.613500	-0.907100	0.907100	5.800847	1.244671	0.666091	-0.199604	-0.907111	0.031931	0.009806	27.621742	180.495804	5.801198959	5.600673
5.700743	1.089300	0.637500	-0.907100	0.907100	5.902516	1.259274	0.675566	-0.498141	-0.907111	0.031880	0.009667	85.322871	186.284204	5.902806997	5.700743
5.800847	1.122900	0.657500	-0.907100	0.907100	6.005019	1.273647	0.685007	-0.822430	-0.868484	0.031730	0.009521	148.001422	178.818358	6.005301952	5.800847
5.902516	1.160200	0.673600	-0.907100	0.907100	6.100605	1.286733	0.693708	-0.907111	-0.711522	0.031477	0.009374	164.368668	148.480715	6.100864887	5.902516
6.005019	1.196500	0.685700	0.907100	0.907100	6.200635	1.300095	0.702707	-0.907111	-0.523209	0.031147	0.009230	179.027404	112.083593	6.200951815	6.005019
6.100605	1.228900	0.693800	0.907100	0.907100	6.300545	1.313099	0.711584	-0.907111	-0.311277	0.030772	0.009091	186.284204	71.121325	6.300979853	6.100605
6.200635	1.257400	0.698000	0.907100	0.907100	6.400773	1.325799	0.720376	-0.907111	-0.081288	0.030370	0.008958	186.284204	26.669077	6.401109934	6.200635
6.300545	1.281800	0.698200	0.907100	0.907100	6.500892	1.338137	0.729045	-0.907111	0.177488	0.029958	0.008837	186.284204	-23.347146	6.501235962	6.300545
6.400773	1.302300	0.694400	0.907100	0.907100	6.600509	1.350065	0.737556	-0.771012	0.459662	0.029545	0.008733	159.979049	-77.885685	6.600843906	6.400773
6.500892	1.318800	0.686600	0.907100	0.907100	6.700563	1.361693	0.745988	-0.593483	0.765714	0.029138	0.008656	125.666074	-137.039530	6.70091486	6.500892
6.600509	1.331400	0.674900	0.907100	0.907100	6.801231	1.373034	0.754353	-0.399130	0.907111	0.028740	0.008622	88.101573	-164.368668	6.801627874	6.600509
6.700563	1.340000	0.663800	0.907100	-0.680500	6.901787	1.384001	0.762588	-0.177513	0.907111	0.028357	0.008639	45.267510	-177.196476	6.902139902	6.700563
6.801231	1.344600	0.656500	0.907100	-0.907100	7.000854	1.394451	0.770582	0.065313	0.907111	0.027993	0.008700	-1.665880	-185.377804	7.001173019	6.801231
6.901787	1.345300	0.653100	0.907100	-0.907100	7.100989	1.404654	0.778540	0.325203	0.907111	0.027653	0.008798	-51.897472	-186.284204	7.101252794	6.901787
7.000854	1.341900	0.653700	0.907100	-0.907100	7.201078	1.414488	0.786372	0.618180	0.776893	0.027347	0.008919	-108.524077	-161.115686	7.201346874	7.000854
7.100989	1.334700	0.658300	0.907100	-0.907100	7.301120	1.423953	0.794076	0.907111	0.588595	0.027085	0.009047	-164.368668	-124.721499	7.301471949	7.100989
7.201078	1.326800	0.666800	0.794200	-0.907100	7.401208	1.433055	0.801658	0.907111	0.380984	0.026874	0.009169	-165.280900	-84.594277	7.401513815	7.201078
7.30112	1.321300	0.679300	-0.907100	-0.907100	7.501266	1.441787	0.809110	0.907111	0.143046	0.026711	0.009270	-179.479004	-38.605683	7.501580954	7.30112
7.401208	1.319800	0.695800	-0.907100	-0.907100	7.600894	1.450114	0.816404	0.871315	-0.120221	0.026585	0.009339	-179.365446	12.278517	7.601190805	7.401208
7.501266	1.322200	0.716200	-0.907100	-0.907100	7.700506	1.458073	0.823569	0.703148	-0.402845	0.026481	0.009367	-146.862148	66.904082	7.700788021	7.501266
7.600894	1.328600	0.740600	-0.907100	-0.907100	7.801062	1.465734	0.830670	0.503625	-0.715392	0.026384	0.009351	-108.298474	127.313290	7.801402807	7.600894
7.700506	1.339000	0.769000	-0.907100	-0.907100	7.900893	1.472967	0.837589	0.277140	-0.907111	0.026278	0.009293	-64.523419	164.368668	7.901708841	7.700506
7.801062	1.353300	0.797300	-0.907100	-0.072400	8.000767	1.479832	0.844380	0.029838	-0.907111	0.026152	0.009205	-16.724867	171.113044	8.001153946	7.801062
7.900893	1.371600	0.822700	-0.907100	0.907100	8.100542	1.486317	0.851030	-0.249312	-0.907111	0.025993	0.009103	37.229216	182.366204	8.100850821	7.900893
8.000767	1.393900	0.844000	-0.907100	0.907100	8.201015	1.492472	0.857592	-0.554838	-0.907111	0.025797	0.008995	96.281253	186.284204	8.201313019	8.000767
8.100542	1.420200	0.861400	-0.907100	0.907100	8.301647	1.498257	0.864028	-0.886973	-0.885318	0.025562	0.008888	160.476359	182.071980	8.301950932	8.100542
8.201015	1.449100	0.874800	-0.907100	0.907100	8.401242	1.503609	0.870261	-0.907111	-0.721765	0.025297	0.008784	164.368668	150.460441	8.401480913	8.201015
8.301647	1.476800	0.884300	0.907100	0.907100	8.500834	1.508588	0.876357	-0.907111	-0.540472	0.025014	0.008683	179.027404	115.420171	8.501157999	8.301647
8.401242	1.500500	0.889800	0.907100	0.907100	8.600455	1.513197	0.882318	-0.907111	-0.330465	0.024729	0.008584	186.284204	74.829967	8.600782871	8.401242
8.500834	1.520200	0.891300	0.907100	0.907100	8.700602	1.517454	0.888171	-0.907111	-0.096754	0.024448	0.008486	186.284204	29.658454	8.700913906	8.500834
8.600455	1.535900	0.888800	0.907100	0.907100	8.800698	1.521334	0.893881	-0.901967	0.160442	0.024175	0.008391	185.289955	-20.052404	8.800951958	8.600455
8.700602	1.547700	0.882400	0.907100	0.907100	8.900819	1.524839	0.899450	-0.750463	0.435356	0.023913	0.008301	156.007211	-73.187814	8.901110888	8.700602
8.800698	1.555500	0.872000	0.907100	0.907100	9.000458	1.527955	0.904852	-0.571789	0.738786	0.023658	0.008222	121.473191	-131.834786	9.00077796	8.800698
8.900819	1.559300	0.857600	0.907100	0.907100	9.101063	1.530725	0.910161	-0.370864	0.907111	0.023410	0.008162	82.638326	-164.368668	9.101358891	8.900819
9.000458	1.559200	0.843700	0.907100	-0.456400	9.200655	1.533095	0.915274	-0.153801	0.907111	0.023165	0.008130	40.684513	-175.385748	9.20095396	9.000458
9.101063	1.555100	0.833300	0.907100	-0.907100	9.300799	1.535106	0.920271	0.090614	0.907111	0.022923	0.008124	-6.556178	-184.481404	9.301174879	9.101063
9.200655	1.547000	0.826900	0.907100	-0.907100	9.400934	1.536744	0.925122	0.357122	0.907111	0.022683	0.008140	-58.066849	-186.284204	9.401259899	9.200655
9.300799	1.535000	0.824500	0.907100	-0.907100	9.500463	1.538005	0.929798	0.639901	0.765584	0.022447	0.008170	-112.722378	-158.929888	9.500782013	9.300799
9.400934	1.518900	0.826000	0.907100	-0.907100	9.600518	1.538904	0.934352	0.907111	0.582165	0.022220	0.008207	-164.368668	-123.478529	9.600804806	9.400934
9.500463	1.502700	0.831500	0.461600	-0.907100	9.700611	1.539436	0.938760	0.907111	0.368315	0.022007	0.008241	-167.968308	-82.145748	9.700853825	9.500463
9.600518	1.489000	0.840900	-0.907100	-0.907100	9.801181	1.539600	0.943040	0.907111	0.135112	0.021810	0.008263	-180.809404	-37.072228	9.801402807	9.600518
9.700611	1.479300	0.854300	-0.907100	-0.907100	9.900886	1.539399	0.947134	0.868464	-0.128761	0.021628	0.008267	-178.814461	13.929117	9.901125908	9.700611
9.801181	1.473600	0.871700	-0.907100	-0.907100	10.000967	1.538835	0.951094	0.692539	-0.417810	0.021456	0.008247	-144.811627	69.796581	10.00137687	9.801181
9.900886	1.471900	0.893100	-0.907100	-0.907100	10.101124	1.537907	0.954906	0.490046	-0.732119	0.021289	0.008204	-105.673785	130.546098	10.10140991	9.900886
10.000967	1.474100	0.918400	-0.907100	-0.907100	10.200554	1.536631	0.958542	0.266852	-0.907111	0.021120	0.008140	-62.534973	164.368668	10.20080686	10.000967
10.101124	1.480300	0.943600	-0.907100	0.039900	10.300614	1.534989	0.962049	0.011899	-0.907111	0.020946	0.008065	-13.257616	172.020428	10.30089283	10.101124
10.200554	1.490500	0.965700	-0.907100	0.907100	10.400716	1.532992	0.965405	-0.269584	-0.907111	0.020763	0.007988	41.147417	182.815404	10.40103483	10.200554
10.300614	1.504600	0.983800	-0.907100	0.907100	10.500759	1.530643	0.968607	-0.571781	-0.907111	0.020574	0.007915	99.556056	186.284204	10.50108385	10.300614
10.400716	1.522700	0.998000	-0.907100	0.907100	10.601350	1.527927	0.971672	-0.905749	-0.895899	0.020382	0.007847	164.105350	184.117035	10.60165691	10.400716
10.500759	1.543100	1.008200	-0.907100	0.907100	10.700547	1.524904	0.974542	-0.907111	-0.733335	0.020196	0.007785	164.368668	152.696849	10.70086694	10.500759
10.60135	1.562000	1.014400	0.907100	0.907100	10.800628	1.521510	0.977285	-0.907111	-0.547191	0.020026	0.007726	179.027404	116.718895	10.8008709	10.60135
10.700547	1.576900	1.016600	0.907100	0.907100	10.901193	1.517755	0.979885	-0.907111	-0.337554	0.019876	0.007668	186.284204	76.200298	10.9014039	10.700547
10.800628	1.587900	1.014900	0.907100	0.907100	11.000772	1.513698	0.982305	-0.907111	-0.110441	0.019746	0.007609	186.284204	32.303798	11.00106692	10.800628
10.901193	1.594900	1.009200	0.907100	0.907100	11.101275	1.509265	0.984592	-0.884117	0.145399	0.019635	0.007546	181.839927	-17.145046	11.10156202	10.901193
11.000772	1.597900	0.999500	0.907100	0.907100	11.200454	1.504560	0.986695	-0.723839	0.424479	0.019539	0.007481	150.861280	-71.085513	11.20075798	11.000772
11.101275	1.596900	0.985900	0.907100	0.907100	11.301408	1.499438	0.988678	-0.541744	0.721400	0.019451	0.007415	115.666049	-128.474401	11.30167699	11.101275
11.200454	1.592000	0.968300	0.907100	0.907100	11.400528	1.494084	0.990471	-0.342486	0.907111	0.019365	0.007355	77.153420	-164.368668	11.40091085	11.200454
11.301408	1.583100	0.951000	0.907100	-0.258600	11.501119	1.488327	0.992132	-0.116150	0.907111	0.019275	0.007306	33.407233	-173.787524	11.50145984	11.301408
11.400528	1.570200	0.937000	0.907100	-0.907100	11.600639	1.482312	0.993620	0.132979	0.907111	0.019177	0.007271	-14.744421	-183.690204	11.60095191	11.400528
11.501119	1.553400	0.927000	0.907100	-0.907100	11.700697	1.475948	0.994960	0.398558	0.907111	0.019065	0.007249	-66.075451	-186.284204	11.7009418	11.501119
11.600639	1.532600	0.921000	0.907100	-0.907100	11.801261	1.469237	0.996148	0.691560	0.768448	0.018938	0.007235	-122.706959	-159.483471	11.80149579	11.600639
11.700697	1.507800	0.918900	0.907100	-0.907100	11.900726	1.462292	0.997166	0.907111	0.585419	0.018798	0.007226	-164.368668	-124.107460	11.90105987	11.700697
11.801261	1.483200	0.920800	-0.095400	-0.907100	12.001453	1.454952	0.998038	0.907111	0.371960	0.018649	0.007216	-172.468868	-82.850292	12.00172997	11.801261
11.900726	1.461800	0.926700	-0.907100	-0.907100	12.101184	1.447384	0.998744	0.907111	0.133131	0.018498	0.007199	-183.037404	-36.689235	12.1014998	11.900726
12.001453	1.444300	0.936500	-0.907100	-0.907100	12.201310	1.439489	0.999296	0.877203	-0.125214	0.018348	0.007173	-180.503489	13.243673	12.20169783	12.001453
12.101184	1.430800	0.950300	-0.907100	-0.907100	12.304848	1.431017	0.999699	0.700622	-0.413998	0.018200	0.007134	-146.374076	69.059801	12.30525279	12.101184
12.20131	1.421300	0.968100	-0.907100	-0.907100	12.400987	1.422874	0.999923	0.501686	-0.728240	0.018054	0.007086	-107.923647	129.796536	12.40131283	12.20131
12.304848	1.415700	0.989800	-0.907100	-0.907100	12.501110	1.414115	1.000000	0.280427	-0.907111	0.017911	0.007030	-65.158681	164.368668	12.50144482	12.304848
12.400987	1.414100	1.011500	-0.907100	-0.006700	12.600968	1.405100	0.999920	0.028072	-0.907111	0.017771	0.006976	-16.383475	171.643900	12.60125589	12.400987
12.50111	1.416500	1.030100	-0.907100	0.907100	12.701036	1.395792	0.999681	-0.250431	-0.907111	0.017635	0.006929	37.445552	182.629004	12.70138693	12.50111
12.600968	1.422900	1.044700	-0.907100	0.907100	12.800607	1.386262	0.999287	-0.554645	-0.907111	0.017509	0.006891	96.244101	186.284204	12.80090594	12.600968
12.701036	1.433200	1.055300	-0.907100	0.907100	12.900671	1.376420	0.998733	-0.879330	-0.893575	0.017399	0.006862	158.999192	183.667897	12.90091896	12.701036
12.800607	1.446200	1.062000	-0.907100	0.907100	13.000766	1.366314	0.998021	-0.907111	-0.736694	0.017315	0.006841	164.368668	153.345994	13.00110388	12.800607
12.900671	1.457900	1.064700	0.907100	0.907100	13.100858	1.355953	0.997151	-0.907111	-0.551235	0.017262	0.006824	179.027404	117.500429	13.101161	12.900671
13.000766	1.465600	1.063500	0.907100	0.907100	13.201002	1.345336	0.996123	-0.907111	-0.348169	0.017241	0.006807	186.284204	78.251820	13.20125484	13.000766
13.100858	1.469300	1.058200	0.907100	0.907100	13.300605	1.334532	0.994943	-0.907111	-0.110693	0.017248	0.006786	186.284204	32.352468	13.30084896	13.100858
13.201002	1.469000	1.049000	0.907100	0.907100	13.400656	1.323440	0.993602	-0.870918	0.139186	0.017277	0.006758	179.288846	-15.944142	13.40089893	13.201002
13.300605	1.464800	1.035900	0.907100	0.907100	13.501220	1.312055	0.992095	-0.712658	0.411810	0.017322	0.006723	148.700211	-68.636954	13.50161099	13.300605
13.400656	1.456600	1.018700	0.907100	0.907100	13.601287	1.300496	0.990439	-0.525916	0.718851	0.017373	0.006680	112.606729	-127.981812	13.60168099	13.400656
13.50122	1.444500	0.997600	0.907100	0.907100	13.700876	1.288769	0.988635	-0.321622	0.907111	0.017423	0.006632	73.120829	-164.368668	13.70118284	13.50122
13.601287	1.428300	0.976700	0.907100	-0.177000	13.800944	1.276768	0.986667	-0.083671	0.907111	0.017463	0.006585	27.129666	-173.128196	13.80117393	13.601287
13.700876	1.408200	0.959100	0.907100	-0.907100	13.901014	1.264553	0.984542	0.166372	0.907111	0.017486	0.006542	-21.198548	-183.363804	13.9012289	13.700876
13.800944	1.384200	0.945500	0.907100	-0.907100	14.000559	1.252197	0.982274	0.439302	0.907111	0.017485	0.006506	-73.950452	-186.284204	14.00084996	13.800944
13.901014	1.356200	0.935800	0.907100	-0.907100	14.101058	1.239520	0.979828	0.739817	0.770594	0.017458	0.006473	-132.033983	-159.898082	14.1013689	13.901014
14.000559	1.324200	0.930100	0.907100	-0.907100	14.201151	1.226697	0.977237	0.907111	0.582327	0.017402	0.006444	-164.368668	-123.509946	14.20147181	14.000559
14.101058	1.292700	0.928300	-0.534300	-0.907100	14.300851	1.213735	0.974503	0.907111	0.374616	0.017325	0.006414	-176.015180	-83.363468	14.30111194	14.101058
14.201151	1.264800	0.930600	-0.907100	-0.907100	14.401374	1.200482	0.971591	0.907111	0.130495	0.017234	0.006381	-184.793004	-36.179747	14.40162897	14.201151
14.300851	1.240900	0.936700	-0.907100	-0.907100	14.500516	1.187234	0.968567	0.907111	-0.121910	0.017136	0.006344	-186.284204	12.604949	14.50085592	14.300851
14.401374	1.220900	0.946900	-0.907100	-0.907100	14.600639	1.173682	0.965361	0.748445	-0.415934	0.017034	0.006303	-155.617291	69.434027	14.60099101	14.401374
14.500516	1.204900	0.961000	-0.907100	-0.907100	14.700637	1.159982	0.962006	0.555250	-0.724255	0.016933	0.006261	-118.276413	129.026148	14.70101094	14.500516
14.600639	1.192900	0.979100	-0.907100	-0.907100	14.801241	1.146037	0.958477	0.336204	-0.907111	0.016834	0.006222	-75.939267	164.368668	14.80149293	14.600639
14.700637	1.184900	0.997200	-0.907100	-0.050200	14.901311	1.132011	0.954816	0.092307	-0.907111	0.016740	0.006192	-28.798914	171.292420	14.90155792	14.700637
14.801241	1.180800	1.012200	-0.907100	0.907100	15.000872	1.117910	0.951023	-0.170621	-0.907111	0.016656	0.006176	22.019827	182.455004	15.00114799	14.801241
14.901311	1.180700	1.023200	-0.907100	0.907100	15.100908	1.103600	0.947062	-0.464360	-0.907111	0.016585	0.006173	78.793713	186.284204	15.10121083	14.901311
15.000872	1.184500	1.030300	-0.907100	0.907100	15.201007	1.089145	0.942948	-0.777551	-0.899751	0.016536	0.006183	139.327317	184.861669	15.201334	15.000872
15.100908	1.192400	1.033400	-0.907100	0.907100	15.301222	1.074544	0.938681	-0.907111	-0.737419	0.016519	0.006201	164.368668	153.486139	15.30166483	15.100908
15.201007	1.199700	1.032500	0.590200	0.907100	15.401248	1.059848	0.934273	-0.907111	-0.551582	0.016539	0.006223	176.466852	117.567577	15.40155482	15.201007
15.301222	1.203300	1.027700	0.907100	0.907100	15.500849	1.045098	0.929737	-0.907111	-0.347953	0.016593	0.006245	185.016604	78.210205	15.50116682	15.301222
15.401248	1.202900	1.018900	0.907100	0.907100	15.601398	1.030097	0.925010	-0.907111	-0.115947	0.016677	0.006261	186.284204	33.368045	15.6017158	15.401248
15.500849	1.198600	1.006100	0.907100	0.907100	15.700528	1.015205	0.920206	-0.894138	0.139945	0.016785	0.006268	183.776719	-16.090767	15.70100093	15.500849
15.601398	1.190300	0.989400	0.907100	0.907100	15.800595	1.000075	0.915211	-0.728530	0.413249	0.016907	0.006264	151.768097	-68.915061	15.80089283	15.601398
15.700528	1.178100	0.968700	0.907100	0.907100	15.901162	0.984778	0.910045	-0.545370	0.715054	0.017035	0.006246	116.366916	-127.247838	15.90149188	15.700528
15.800595	1.161900	0.944000	0.907100	0.907100	16.001057	0.969499	0.904770	-0.332562	0.907111	0.017159	0.006217	75.235268	-164.368668	16.00135183	15.800595
15.901162	1.141700	0.919600	0.907100	-0.186900	16.101193	0.954105	0.899340	-0.096092	0.907111	0.017270	0.006181	29.530417	-173.208188	16.1015799	15.901162
16.001057	1.117500	0.898400	0.907100	-0.907100	16.200812	0.938720	0.893796	0.164790	0.907111	0.017360	0.006143	-20.892834	-183.403404	16.20112801	16.001057
16.101193	1.089400	0.881200	0.907100	-0.907100	16.300935	0.923192	0.888082	0.443375	0.907111	0.017423	0.006106	-74.737658	-186.284204	16.30133295	16.101193
16.200812	1.057300	0.868000	0.907100	-0.907100	16.400719	0.907659	0.882249	0.751466	0.770535	0.017453	0.006070	-134.285485	-159.886690	16.40103102	16.200812
16.300935	1.021200	0.858700	0.907100	-0.907100	16.501293	0.891951	0.876228	0.907111	0.588488	0.017448	0.006035	-164.368668	-124.700714	16.5016048	16.300935
16.400719	0.985600	0.853400	-0.513500	-0.907100	16.600971	0.876337	0.870124	0.907111	0.376387	0.017416	0.006001	-175.847116	-83.705826	16.60127187	16.400719
16.501293	0.953600	0.852100	-0.907100	-0.907100	16.701152	0.860606	0.863851	0.907111	0.138901	0.017363	0.005966	-184.709804	-37.804478	16.70148993	16.501293
16.600971	0.925600	0.854700	-0.907100	-0.907100	16.800570	0.844964	0.857490	0.907111	-0.117690	0.017299	0.005931	-186.284204	11.789372	16.80093384	16.600971
16.701152	0.901600	0.861300	-0.907100	-0.907100	16.901191	0.829107	0.850916	0.801715	-0.405119	0.017228	0.005897	-165.913183	67.343698	16.901474	16.701152
16.80057	0.881500	0.871900	-0.907100	-0.907100	17.000760	0.813396	0.844277	0.626428	-0.717306	0.017155	0.005867	-132.033764	127.683047	17.00099993	16.80057
16.901191	0.865400	0.886400	-0.907100	-0.907100	17.100830	0.797595	0.837471	0.421045	-0.907111	0.017082	0.005846	-92.337403	164.368668	17.10105801	16.901191
17.00076	0.853200	0.901000	-0.907100	-0.105600	17.200952	0.781779	0.830529	0.197007	-0.907111	0.017012	0.005841	-49.035291	170.844788	17.20125794	17.00076
17.10083	0.845000	0.912500	-0.907100	0.907100	17.301093	0.765962	0.823455	-0.056584	-0.907111	0.016950	0.005853	-0.021191	182.233404	17.30137491	17.10083
17.200952	0.840800	0.920100	-0.907100	0.907100	17.401166	0.750162	0.816255	-0.334425	-0.907111	0.016901	0.005881	53.679806	186.284204	17.40146899	17.200952
17.301093	0.840600	0.923700	-0.907100	0.907100	17.500806	0.734445	0.808957	-0.636124	-0.885262	0.016869	0.005923	111.992249	182.061212	17.50113082	17.301093
17.401166	0.844300	0.923400	-0.907100	0.907100	17.600925	0.718673	0.801497	-0.907111	-0.726846	0.016862	0.005973	164.368668	151.442628	17.60120201	17.401166
17.500806	0.848700	0.919000	-0.907100	0.907100	17.701045	0.702927	0.793911	-0.907111	-0.533875	0.016887	0.006028	164.368668	114.145051	17.70139885	17.500806
17.600925	0.850800	0.910800	0.907100	0.907100	17.800576	0.687308	0.786244	-0.907111	-0.333788	0.016942	0.006081	179.027404	75.472275	17.801085	17.600925
17.701045	0.849000	0.898500	0.907100	0.907100	17.901176	0.671561	0.778370	-0.907111	-0.094455	0.017023	0.006127	186.284204	29.213941	17.90146184	17.701045
17.800576	0.843200	0.882300	0.907100	0.907100	18.000654	0.656035	0.770461	-0.839393	0.158060	0.017122	0.006162	173.195696	-19.591993	18.00091791	17.800576
17.901176	0.833400	0.862100	0.907100	0.907100	18.100930	0.640438	0.762367	-0.667498	0.438985	0.017233	0.006183	139.971838	-73.889320	18.10120988	17.901176
18.000654	0.819700	0.837900	0.907100	0.907100	18.201050	0.624924	0.754165	-0.476524	0.743612	0.017346	0.006188	103.060248	-132.767630	18.20134997	18.000654
18.10093	0.802000	0.809800	0.907100	0.907100	18.300710	0.609547	0.745882	-0.255179	0.907111	0.017453	0.006176	60.278701	-164.368668	18.30098295	18.10093
18.20105	0.780300	0.782100	0.907100	-0.425100	18.400762	0.594181	0.737448	-0.009406	0.907111	0.017546	0.006154	12.775694	-175.132844	18.40125299	18.20105
18.30071	0.754700	0.757800	0.907100	-0.907100	18.500806	0.578894	0.728899	0.255421	0.907111	0.017618	0.006125	-38.409971	-184.356204	18.50111198	18.30071
18.400762	0.725100	0.737600	0.907100	-0.907100	18.601409	0.563606	0.720186	0.549784	0.907111	0.017663	0.006094	-95.304577	-186.284204	18.60172486	18.400762
18.500806	0.691500	0.721300	0.907100	-0.907100	18.700468	0.548643	0.711494	0.870481	0.784624	0.017678	0.006062	-157.288874	-162.609837	18.70071888	18.500806
18.601409	0.655700	0.709000	0.907100	-0.907100	18.800557	0.533620	0.702600	0.907111	0.598165	0.017663	0.006030	-164.368668	-126.571110	18.80083084	18.601409
18.700468	0.621400	0.700700	-0.907100	-0.907100	18.901134	0.518628	0.693551	0.907111	0.386400	0.017626	0.005999	-179.027404	-85.641250	18.90144682	18.700468
18.800557	0.591000	0.696300	-0.907100	-0.907100	19.000809	0.503878	0.684473	0.907111	0.155894	0.017573	0.005968	-186.284204	-41.088875	19.00105786	18.800557
18.901134	0.564600	0.695900	-0.907100	-0.907100	19.100901	0.489181	0.675249	0.907111	-0.105043	0.017511	0.005939	-186.284204	9.344885	19.10114384	18.901134
19.000809	0.542200	0.699500	-0.907100	-0.907100	19.200926	0.474615	0.665925	0.748726	-0.390951	0.017444	0.005914	-155.671587	64.605294	19.20123291	19.000809
19.100901	0.523700	0.707000	-0.907100	-0.907100	19.301133	0.460149	0.656478	0.571274	-0.696177	0.017375	0.005897	-121.373528	123.599271	19.30136395	19.100901
19.200926	0.509300	0.718500	-0.907100	-0.907100	19.401232	0.445831	0.646938	0.359395	-0.907111	0.017306	0.005893	-80.421546	164.368668	19.40146589	19.200926
19.301133	0.498700	0.730100	-0.907100	-0.271900	19.500833	0.431722	0.637343	0.141184	-0.907111	0.017241	0.005907	-38.245767	169.501084	19.50117087	19.301133
19.401232	0.492200	0.738900	-0.907100	0.907100	19.600957	0.417682	0.627598	-0.117112	-0.907111	0.017182	0.005940	11.677645	181.568204	19.60123682	19.401232
19.500833	0.489600	0.743800	-0.907100	0.907100	19.701093	0.403791	0.617752	-0.387897	-0.907111	0.017132	0.005990	64.014891	186.284204	19.70139098	19.500833
19.600957	0.491000	0.744700	-0.907100	0.907100	19.800722	0.390124	0.607858	-0.686853	-0.879986	0.017097	0.006054	121.797266	181.041490	19.80107594	19.600957
19.701093	0.496300	0.741600	-0.907100	0.907100	19.900701	0.376570	0.597834	-0.907111	-0.714953	0.017083	0.006127	164.368668	149.143800	19.90102696	19.701093
19.800722	0.501700	0.734500	-0.113200	0.907100	20.001271	0.363102	0.587656	-0.907111	-0.526500	0.017094	0.006204	170.783380	112.719646	20.00160193	19.800722
